DATASET = ORTEC Caroline VeRoLog 2019
NAME = Instance 12

DAYS = 10
TRUCK_CAPACITY = 15
TRUCK_MAX_DISTANCE = 750

TRUCK_DISTANCE_COST = 10000
TRUCK_DAY_COST = 100000
TRUCK_COST = 100
TECHNICIAN_DISTANCE_COST = 100
TECHNICIAN_DAY_COST = 10
TECHNICIAN_COST = 100

MACHINES = 3
    1     6   155
    2     3   421
    3     7   593

LOCATIONS = 16
    1   675   563
    2   742   453
    3   325   514
    4   595   438
    5   583   353
    6   316   466
    7   608   353
    8   326   473
    9   533   437
   10   689   690
   11   551   677
   12   571   620
   13   411   373
   14   742   455
   15   543   360
   16   237   349

REQUESTS = 30
    1     8     1     2     3     1
    2     3     1     4     3     2
    3    11     1     4     2     2
    4     4     1     4     3     1
    5    12     2     3     2     1
    6    12     2     3     2     2
    7    11     2     4     3     1
    8     2     2     5     3     2
    9     2     2     3     3     2
   10    10     2     4     2     2
   11     4     3     4     3     1
   12    12     3     6     1     1
   13    15     3     5     3     1
   14     9     3     5     2     2
   15    14     3     4     3     1
   16    15     4     7     1     2
   17     3     4     5     2     1
   18     4     4     5     3     1
   19     2     4     6     3     2
   20     8     4     7     3     2
   21     6     4     7     3     1
   22     5     5     7     3     2
   23     4     5     8     2     3
   24    13     5     6     2     3
   25     5     6     7     3     2
   26     4     6     7     2     1
   27     3     6     8     2     2
   28    12     6     8     2     1
   29    14     6     9     2     1
   30     6     6     9     1     1

TECHNICIANS = 10
    1     7   212     5  0 1 0
    2     1   503     7  0 1 0
    3    13   808     6  0 0 1
    4     6   506     7  1 0 1
    5     1   108     8  0 0 1
    6    12   135     8  1 1 1
    7     7   119     9  0 1 0
    8     8   507     8  1 1 0
    9    16   414     7  1 0 0
   10    11   208     7  0 0 1

