DATASET = ORTEC Caroline VeRoLog 2019
NAME = Instance 20

DAYS = 20
TRUCK_CAPACITY = 15
TRUCK_MAX_DISTANCE = 470

TRUCK_DISTANCE_COST = 10
TRUCK_DAY_COST = 250
TRUCK_COST = 100000
TECHNICIAN_DISTANCE_COST = 5
TECHNICIAN_DAY_COST = 400
TECHNICIAN_COST = 20000

MACHINES = 3
    1     3   475
    2     8   615
    3     5   855

LOCATIONS = 10
    1   317   469
    2   532   503
    3   258   350
    4   315   386
    5   497   570
    6   283   420
    7   295   311
    8   267   525
    9   235   361
   10   388   766

REQUESTS = 40
    1     8     2     3     2     1
    2     2     2     3     2     1
    3     3     2     5     2     1
    4     7     2     4     3     2
    5     3     3     4     2     1
    6     7     3     6     1     3
    7     6     4     6     2     1
    8     2     5     7     1     1
    9     4     5     7     2     1
   10     8     5     7     2     1
   11     2     5     7     2     1
   12     8     6     7     2     1
   13     5     6     9     1     3
   14     3     6     7     2     1
   15     5     7     8     3     3
   16     5     8    10     3     2
   17     2     8    10     1     3
   18     5     8    11     1     3
   19     3     8     9     1     3
   20     4     9    12     2     1
   21     4     9    12     3     2
   22     3    10    11     3     2
   23     2    11    14     3     1
   24     6    12    14     3     1
   25     7    12    14     3     3
   26     5    12    15     3     2
   27     2    13    15     1     3
   28     4    13    16     3     3
   29     2    13    16     3     2
   30     5    13    16     2     1
   31     7    14    17     2     1
   32     5    14    15     1     2
   33     8    14    15     2     1
   34     3    15    17     2     1
   35     8    15    17     1     1
   36     7    15    16     2     1
   37     3    15    17     1     1
   38     3    15    16     1     1
   39     5    16    18     2     1
   40     6    16    17     2     1

TECHNICIANS = 10
    1     4   495     9  0 1 1
    2     9   865     6  1 1 1
    3    10   740     6  0 1 0
    4     2   800     6  1 1 1
    5     1   320     7  1 0 0
    6     4   370     9  0 1 1
    7     3   175     7  1 1 1
    8     2   695     9  1 1 1
    9     6   975     7  1 1 1
   10     7   715     9  1 1 1

