DATASET = ORTEC Caroline VeRoLog 2019
NAME = Instance 11

DAYS = 10
TRUCK_CAPACITY = 15
TRUCK_MAX_DISTANCE = 540

TRUCK_DISTANCE_COST = 100000
TRUCK_DAY_COST = 100
TRUCK_COST = 10000
TECHNICIAN_DISTANCE_COST = 10000
TECHNICIAN_DAY_COST = 1000
TECHNICIAN_COST = 10

MACHINES = 3
    1     3   615
    2     8   825
    3     8   965

LOCATIONS = 17
    1   190   387
    2   320   468
    3   530   309
    4   267   466
    5   293   466
    6   313   478
    7   243   326
    8   373   372
    9   264   376
   10   193   374
   11   319   479
   12   304   477
   13   284   639
   14   521   357
   15   163   316
   16   439   312
   17   556   240

REQUESTS = 30
    1    13     1     3     2     1
    2    13     1     3     3     1
    3    11     1     3     3     1
    4     2     1     2     2     1
    5     8     1     4     1     2
    6    13     1     3     1     1
    7     9     1     3     3     1
    8     8     2     3     3     1
    9     4     2     4     3     1
   10     4     2     3     3     1
   11     9     2     4     1     1
   12    11     2     5     2     1
   13    13     3     5     2     1
   14     9     3     5     3     1
   15    13     3     5     1     3
   16     6     3     5     1     2
   17     7     3     5     3     1
   18     6     3     5     3     1
   19    11     3     6     3     1
   20     7     3     4     2     1
   21     8     4     6     3     1
   22     5     4     7     1     2
   23     8     4     5     2     1
   24     9     5     8     1     2
   25     4     5     8     1     1
   26     4     5     7     3     1
   27    10     5     7     2     1
   28     8     6     8     3     1
   29    10     6     7     2     1
   30     9     6     9     3     1

TECHNICIANS = 10
    1    13   530     7  1 1 1
    2     3   340     7  1 0 1
    3    15   255     8  0 0 1
    4     4   285     7  1 1 0
    5     1   615     9  0 0 1
    6     1   215     5  1 0 0
    7    16   340    10  1 1 1
    8     9   215     9  1 1 1
    9     4   775    10  0 0 1
   10    17   695     6  1 1 1

