DATASET = ORTEC Caroline VeRoLog 2019
NAME = Instance 15

DAYS = 15
TRUCK_CAPACITY = 15
TRUCK_MAX_DISTANCE = 750

TRUCK_DISTANCE_COST = 10000
TRUCK_DAY_COST = 100000
TRUCK_COST = 10000
TECHNICIAN_DISTANCE_COST = 10000
TECHNICIAN_DAY_COST = 10
TECHNICIAN_COST = 100000

MACHINES = 3
    1     3   632
    2     7   623
    3     6    34

LOCATIONS = 19
    1   468   439
    2   252   257
    3   376   431
    4   226   337
    5   310   272
    6   331   448
    7   153   340
    8   358   385
    9   655   397
   10   295   267
   11   528   644
   12   402   462
   13   566   461
   14   332   356
   15   363   255
   16   282   441
   17   500   790
   18   268   451
   19   486   143

REQUESTS = 20
    1    17     1     2     1     2
    2     7     1     3     1     1
    3     7     1     2     2     2
    4    12     2     4     1     3
    5     5     2     3     1     1
    6     3     3     4     1     3
    7     2     3     6     2     1
    8    11     4     7     3     1
    9    10     4     7     3     1
   10    12     6     9     3     1
   11     9     6     9     1     3
   12     8     7     8     2     1
   13    17     7     8     1     1
   14    16     7     8     2     2
   15    15     8    10     1     3
   16    18    10    13     2     2
   17     7    10    11     1     3
   18    14    10    11     2     2
   19     8    11    12     1     3
   20    13    11    13     2     2

TECHNICIANS = 10
    1     7   335     8  1 0 1
    2     5   303     8  1 0 0
    3    17   388     9  0 1 0
    4    19   864     8  1 1 0
    5    13   393     6  1 1 1
    6     5   128     5  1 0 0
    7    14   256     5  1 1 0
    8     5   383     6  1 1 0
    9     1   907     7  1 0 1
   10     4   394     8  1 0 1

